3
3
4
5
6
7
8
10
11
12
15
16
18
21
24
27
30
34
38
42
47
52
57
63
68
75
81
88
95
102
110
118
124
132
140
147
154
162
168
174
180
187
191
197
201
206
210
214
217
221
224
226
229
220
233
212
194
179
166
155
146
137
130
122
116
111
105
101
97
93
89
87
84
80
77
76
72
71
68
67
65
63
62
60
58
57
56
54
53
52
51
50
49
48
47
46
46
45
44
43
42
41
40
40
39
38
38
38
36
36
35
35
35
34
34
33
33
32
31
31
31
31
30
30
30
29
29
28
28
28
27
27
27
26
27
26
26
26
25
25
24
25
24
24
24
23
23
23
23
22
22
22
22
21
21
21
21
21
21
21
20